Num       RefCount Protocol Flags    Type St Inode Path
ffff8cec982f1000: 00000002 00000000 00010000 0001 01 15255 /tmp/sddm-auth80eb285f-d05c-4bb0-957e-7bbeffd44750
ffff8cec9ca89000: 00000002 00000000 00010000 0001 01 11523 /run/lvm/lvmetad.socket
ffff8ce97ff5e800: 00000002 00000000 00010000 0001 01 4118733 /tmp/.com.google.Chrome.E7kQw5/SingletonSocket
ffff8cec9b57d400: 0000000A 00000000 00000000 0002 01 11530 /run/systemd/journal/dev-log
ffff8cec98e9fc00: 00000002 00000000 00010000 0005 01 11536 /run/udev/control
ffff8cec9aae8000: 00000002 00000000 00010000 0001 01 18522 /tmp/.X11-unix/X0
ffff8cec9c198800: 00000002 00000000 00010000 0001 01 15391 /var/run/libvirt/virtlockd-sock
ffff8cec9b7a1400: 00000002 00000000 00010000 0001 01 18521 @/tmp/.X11-unix/X0
ffff8cec9a1e2c00: 00000002 00000000 00010000 0001 01 15394 /run/acpid.socket
ffff8cec9a1e2000: 00000002 00000000 00010000 0001 01 15396 /var/run/libvirt/virtlogd-sock
ffff8cec9a587800: 00000002 00000000 00010000 0001 01 15398 /var/run/dbus/system_bus_socket
ffff8cec9a587400: 00000002 00000000 00010000 0001 01 15401 /var/run/docker.sock
ffff8cebfd2f3000: 00000002 00000000 00010000 0001 01 4262743 /tmp/.lilyterm_user:0
ffff8cec99a1ac00: 00000002 00000000 00010000 0001 01 18526 /var/run/docker/libcontainerd/docker-containerd.sock
ffff8cec9c08c000: 00000002 00000000 00010000 0001 01 18532 /var/run/libvirt/libvirt-sock
ffff8cec982f1400: 00000002 00000000 00010000 0001 01 18534 /var/run/libvirt/libvirt-sock-ro
ffff8cec8e406800: 00000002 00000000 00010000 0001 01 18536 /var/run/libvirt/libvirt-admin-sock
ffff8cec9821c000: 00000002 00000000 00010000 0001 01 19063 /home/user/.runtime/i3/ipc-socket.1074
ffff8cec840b0000: 00000002 00000000 00010000 0001 01 19805 /home/user/.runtime/pulse/native
ffff8cec60c5f400: 00000002 00000000 00010000 0001 01 4370873 /tmp/gocode-daemon.user
ffff8cec9d54a800: 00000002 00000000 00010000 0001 01 16306 /tmp/QzLYQb/s
ffff8cec9a2dac00: 00000002 00000000 00010000 0001 01 19661 /tmp/ssh-8viC2Dwb9lLP/agent.1096
ffff8cec8e742400: 00000002 00000000 00000000 0002 01 18905 /run/user/1000/systemd/notify
ffff8cec8e6fc400: 00000002 00000000 00010000 0001 01 18909 /run/user/1000/systemd/private
ffff8cec982f1c00: 00000002 00000000 00010000 0001 01 18914 /run/user/1000/gnupg/S.gpg-agent
ffff8cec8e538400: 00000002 00000000 00010000 0001 01 19685 /run/user/1000/keyring/control
ffff8cec9abba000: 00000002 00000000 00010000 0001 01 18917 /run/user/1000/gnupg/S.gpg-agent.extra
ffff8cec987dc800: 00000003 00000000 00000000 0002 01 11493 /run/systemd/notify
ffff8cec9abba400: 00000002 00000000 00010000 0001 01 18919 /run/user/1000/gnupg/S.dirmngr
ffff8cec98dd7400: 00000002 00000000 00000000 0002 01 11495 /run/systemd/cgroups-agent
ffff8cec9abba800: 00000002 00000000 00010000 0001 01 18921 /run/user/1000/bus
ffff8cec9a447400: 00000002 00000000 00010000 0001 01 14824 /var/run/cups/cups.sock
ffff8cec8e5afc00: 00000002 00000000 00010000 0001 01 18923 /run/user/1000/gnupg/S.gpg-agent.browser
ffff8cec88df7c00: 00000002 00000000 00010000 0001 01 18667 /run/docker/libnetwork/aff57fe525b58945e76d3038f2902affc63f397c7fa609ae311ae8e44b7f44ee.sock
ffff8cec98fa0400: 00000002 00000000 00010000 0001 01 11499 /run/systemd/private
ffff8cec9cad4800: 00000002 00000000 00010000 0001 01 18925 /run/user/1000/gnupg/S.gpg-agent.ssh
ffff8cec9ca8a000: 00000002 00000000 00000000 0002 01 11504 /run/systemd/journal/syslog
ffff8ceb7432c400: 00000003 00000000 00000000 0005 03 4118099 @00035
ffff8cec9ca8a400: 00000002 00000000 00010000 0001 01 11508 /run/lvm/lvmpolld.socket
ffff8cec9ca8ac00: 00000002 00000000 00010000 0001 01 11511 /run/systemd/journal/stdout
ffff8cec9ca89400: 00000008 00000000 00000000 0002 01 11513 /run/systemd/journal/socket
ffff8cec9ca89c00: 00000002 00000000 00010000 0001 01 11515 /run/systemd/fsck.progress
ffff8ce984f87c00: 00000003 00000000 00000000 0001 03 4121541
ffff8cec8e4fc000: 00000003 00000000 00000000 0001 03 17599 /var/run/dbus/system_bus_socket
ffff8cec9b79e000: 00000003 00000000 00000000 0001 03  2890
ffff8cec88df5400: 00000002 00000000 00000000 0002 01 17955
ffff8cec9c089000: 00000003 00000000 00000000 0001 03 18524
ffff8cec9bf66800: 00000003 00000000 00000000 0001 03 4116452
ffff8cec77d2a000: 00000003 00000000 00000000 0001 03 4118141
ffff8cec8e4fc400: 00000003 00000000 00000000 0001 03 18551
ffff8cec9b79e400: 00000003 00000000 00000000 0001 03 15158 /run/systemd/journal/stdout
ffff8cebfd3ac000: 00000003 00000000 00000000 0001 03 4121845
ffff8cec88df5000: 00000002 00000000 00000000 0002 01 17954
ffff8cec9b70ec00: 00000003 00000000 00000000 0001 03  1657
ffff8cec9c089c00: 00000003 00000000 00000000 0001 03 20908 @/tmp/.X11-unix/X0
ffff8ce97ff68000: 00000003 00000000 00000000 0001 03 4497866
ffff8cea600d6400: 00000003 00000000 00000000 0001 03 4250285
ffff8cec4f125400: 00000003 00000000 00000000 0001 03 4116436
ffff8cec9b79e800: 00000003 00000000 00000000 0001 03 15160 /run/systemd/journal/stdout
ffff8cebfd3acc00: 00000003 00000000 00000000 0001 03 4121844
ffff8cec4f2f6c00: 00000003 00000000 00000000 0005 03 4116853
ffff8cec9b79ec00: 00000003 00000000 00000000 0001 03  2958
ffff8cec841c8800: 00000003 00000000 00000000 0001 03 715973
ffff8cea5fbaf400: 00000003 00000000 00000000 0001 03 4119633
ffff8ceb26c5f000: 00000003 00000000 00000000 0001 03 4123896
ffff8cec9b4cc400: 00000003 00000000 00000000 0002 01 14322
ffff8cec841c8c00: 00000003 00000000 00000000 0001 03 19803
ffff8cec841d8c00: 00000003 00000000 00000000 0001 03 19768 @/tmp/.X11-unix/X0
ffff8cec9b69e400: 00000003 00000000 00000000 0001 03 4118130
ffff8cec77ccac00: 00000003 00000000 00000000 0001 03 4194422
ffff8ceb26c5f400: 00000003 00000000 00000000 0001 03 4124183
ffff8cec8e7bec00: 00000003 00000000 00000000 0001 03 16299 /var/run/docker/libcontainerd/docker-containerd.sock
ffff8cec9ae76400: 00000003 00000000 00000000 0001 03  2445 /var/run/dbus/system_bus_socket
ffff8ce83fdcf800: 00000003 00000000 00000000 0001 03 4229764
ffff8cec9bd35400: 00000003 00000000 00000000 0001 03 15607
ffff8cea5fbaf800: 00000003 00000000 00000000 0001 03 4119632
ffff8cec9ae76000: 00000003 00000000 00000000 0001 03  2433
ffff8cec77cca400: 00000003 00000000 00000000 0001 03 4194421
ffff8cec5e92ec00: 00000003 00000000 00000000 0001 03 4124680
ffff8cec60e1a000: 00000003 00000000 00000000 0001 03 4399200
ffff8cec8e6fc000: 00000003 00000000 00000000 0001 03 18894
ffff8ceb26a0a400: 00000003 00000000 00000000 0001 03 4123436
ffff8ceb26d4d000: 00000003 00000000 00000000 0001 03 4116850
ffff8cec414a2800: 00000003 00000000 00000000 0005 03 4116876
ffff8ceaccbf5000: 00000003 00000000 00000000 0001 03 4118142
ffff8cec88df7400: 00000002 00000000 00000000 0002 01 17819
ffff8cebfd24fc00: 00000003 00000000 00000000 0001 03 4230188
ffff8ceb26a0a000: 00000003 00000000 00000000 0001 03 4123435
ffff8cec8412b000: 00000003 00000000 00000000 0001 03 20912
ffff8cec88e34c00: 00000003 00000000 00000000 0001 03 4123117
ffff8cec18675800: 00000003 00000000 00000000 0001 03 4121782
ffff8cec414a2c00: 00000003 00000000 00000000 0005 03 4116875
ffff8cec186c5c00: 00000003 00000000 00000000 0005 03 4119561
ffff8ceaf302d800: 00000003 00000000 00000000 0001 03 4510976
ffff8cec8e6fc800: 00000003 00000000 00000000 0001 03 20821
ffff8cec67f5b800: 00000003 00000000 00000000 0001 03 4194228
ffff8cec9ab10000: 00000003 00000000 00000000 0005 03 4119563
ffff8cec88db7800: 00000003 00000000 00000000 0001 03 18016
ffff8cec88e34000: 00000003 00000000 00000000 0001 03 20520 /run/systemd/journal/stdout
ffff8cec98eb5800: 00000003 00000000 00000000 0002 01  1775
ffff8cec186c5800: 00000003 00000000 00000000 0001 03 4118143
ffff8cec8e6fcc00: 00000003 00000000 00000000 0002 01 18908
ffff8cec8412b800: 00000003 00000000 00000000 0001 03 19755 /home/user/.runtime/i3/ipc-socket.1074
ffff8ceaccbf5c00: 00000003 00000000 00000000 0001 03 4116842 /var/run/dbus/system_bus_socket
ffff8cec5692f400: 00000003 00000000 00000000 0001 03 715974 /run/systemd/journal/stdout
ffff8cea64356000: 00000003 00000000 00000000 0001 03 4121569
ffff8cec843a8c00: 00000003 00000000 00000000 0001 03 4118894 /run/user/1000/bus
ffff8cec5692f000: 00000003 00000000 00000000 0001 03 4118909
ffff8cec67c79400: 00000003 00000000 00000000 0001 03 4116856
ffff8cec841cac00: 00000002 00000000 00000000 0002 01 4116714
ffff8cec67c79800: 00000003 00000000 00000000 0001 03 4117378
ffff8cec98dd7c00: 00000002 00000000 00000000 0002 01  2201
ffff8cec843a8400: 00000003 00000000 00000000 0005 03 4119564
ffff8cec981bb800: 00000003 00000000 00000000 0001 03 4497917
ffff8cea5facc800: 00000003 00000000 00000000 0001 03 4118958
ffff8cec5692f800: 00000003 00000000 00000000 0001 03 4117257
